Running slow seeds up to 2000 terms, spf=2000000

a1=511 ([7, 73]): 0.0s, terms=571, |M|_final=1, |Pess|_final=1, maxgap=7, fallbacks=0, stabilized=YES
  samples (n, |M|, |Pess|, maxgap, stable, fb):
    (100, 28, 29, 7, 0, 0)
    (200, 49, 50, 7, 2, 0)
    (300, 1, 1, 7, 30, 0)
    (400, 1, 1, 7, 130, 0)
    (470, 1, 1, 7, 200, 0)
    (471, 1, 1, 7, 201, 0)
    (472, 1, 1, 7, 202, 0)
    (473, 1, 1, 7, 203, 0)
    (474, 1, 1, 7, 204, 0)
    (475, 1, 1, 7, 205, 0)
    (476, 1, 1, 7, 206, 0)
    (477, 1, 1, 7, 207, 0)
    (478, 1, 1, 7, 208, 0)
    (479, 1, 1, 7, 209, 0)
    (480, 1, 1, 7, 210, 0)
    (481, 1, 1, 7, 211, 0)
    (482, 1, 1, 7, 212, 0)
    (483, 1, 1, 7, 213, 0)
    (484, 1, 1, 7, 214, 0)
    (485, 1, 1, 7, 215, 0)
    (486, 1, 1, 7, 216, 0)
    (487, 1, 1, 7, 217, 0)
    (488, 1, 1, 7, 218, 0)
    (489, 1, 1, 7, 219, 0)
    (490, 1, 1, 7, 220, 0)
    (491, 1, 1, 7, 221, 0)
    (492, 1, 1, 7, 222, 0)
    (493, 1, 1, 7, 223, 0)
    (494, 1, 1, 7, 224, 0)
    (495, 1, 1, 7, 225, 0)
    (496, 1, 1, 7, 226, 0)
    (497, 1, 1, 7, 227, 0)
    (498, 1, 1, 7, 228, 0)
    (499, 1, 1, 7, 229, 0)
    (500, 1, 1, 7, 230, 0)
    (501, 1, 1, 7, 231, 0)
    (502, 1, 1, 7, 232, 0)
    (503, 1, 1, 7, 233, 0)
    (504, 1, 1, 7, 234, 0)
    (505, 1, 1, 7, 235, 0)
    (506, 1, 1, 7, 236, 0)
    (507, 1, 1, 7, 237, 0)
    (508, 1, 1, 7, 238, 0)
    (509, 1, 1, 7, 239, 0)
    (510, 1, 1, 7, 240, 0)
    (511, 1, 1, 7, 241, 0)
    (512, 1, 1, 7, 242, 0)
    (513, 1, 1, 7, 243, 0)
    (514, 1, 1, 7, 244, 0)
    (515, 1, 1, 7, 245, 0)
    (516, 1, 1, 7, 246, 0)
    (517, 1, 1, 7, 247, 0)
    (518, 1, 1, 7, 248, 0)
    (519, 1, 1, 7, 249, 0)
    (520, 1, 1, 7, 250, 0)
    (521, 1, 1, 7, 251, 0)
    (522, 1, 1, 7, 252, 0)
    (523, 1, 1, 7, 253, 0)
    (524, 1, 1, 7, 254, 0)
    (525, 1, 1, 7, 255, 0)
    (526, 1, 1, 7, 256, 0)
    (527, 1, 1, 7, 257, 0)
    (528, 1, 1, 7, 258, 0)
    (529, 1, 1, 7, 259, 0)
    (530, 1, 1, 7, 260, 0)
    (531, 1, 1, 7, 261, 0)
    (532, 1, 1, 7, 262, 0)
    (533, 1, 1, 7, 263, 0)
    (534, 1, 1, 7, 264, 0)
    (535, 1, 1, 7, 265, 0)
    (536, 1, 1, 7, 266, 0)
    (537, 1, 1, 7, 267, 0)
    (538, 1, 1, 7, 268, 0)
    (539, 1, 1, 7, 269, 0)
    (540, 1, 1, 7, 270, 0)
    (541, 1, 1, 7, 271, 0)
    (542, 1, 1, 7, 272, 0)
    (543, 1, 1, 7, 273, 0)
    (544, 1, 1, 7, 274, 0)
    (545, 1, 1, 7, 275, 0)
    (546, 1, 1, 7, 276, 0)
    (547, 1, 1, 7, 277, 0)
    (548, 1, 1, 7, 278, 0)
    (549, 1, 1, 7, 279, 0)
    (550, 1, 1, 7, 280, 0)
    (551, 1, 1, 7, 281, 0)
    (552, 1, 1, 7, 282, 0)
    (553, 1, 1, 7, 283, 0)
    (554, 1, 1, 7, 284, 0)
    (555, 1, 1, 7, 285, 0)
    (556, 1, 1, 7, 286, 0)
    (557, 1, 1, 7, 287, 0)
    (558, 1, 1, 7, 288, 0)
    (559, 1, 1, 7, 289, 0)
    (560, 1, 1, 7, 290, 0)
    (561, 1, 1, 7, 291, 0)
    (562, 1, 1, 7, 292, 0)
    (563, 1, 1, 7, 293, 0)
    (564, 1, 1, 7, 294, 0)
    (565, 1, 1, 7, 295, 0)
    (566, 1, 1, 7, 296, 0)
    (567, 1, 1, 7, 297, 0)
    (568, 1, 1, 7, 298, 0)
    (569, 1, 1, 7, 299, 0)
    (570, 1, 1, 7, 300, 0)

a1=679 ([7, 97]): 0.0s, terms=547, |M|_final=1, |Pess|_final=1, maxgap=7, fallbacks=0, stabilized=YES
  samples (n, |M|, |Pess|, maxgap, stable, fb):
    (100, 29, 30, 7, 0, 0)
    (200, 50, 51, 7, 4, 0)
    (300, 1, 1, 7, 54, 0)
    (400, 1, 1, 7, 154, 0)
    (446, 1, 1, 7, 200, 0)
    (447, 1, 1, 7, 201, 0)
    (448, 1, 1, 7, 202, 0)
    (449, 1, 1, 7, 203, 0)
    (450, 1, 1, 7, 204, 0)
    (451, 1, 1, 7, 205, 0)
    (452, 1, 1, 7, 206, 0)
    (453, 1, 1, 7, 207, 0)
    (454, 1, 1, 7, 208, 0)
    (455, 1, 1, 7, 209, 0)
    (456, 1, 1, 7, 210, 0)
    (457, 1, 1, 7, 211, 0)
    (458, 1, 1, 7, 212, 0)
    (459, 1, 1, 7, 213, 0)
    (460, 1, 1, 7, 214, 0)
    (461, 1, 1, 7, 215, 0)
    (462, 1, 1, 7, 216, 0)
    (463, 1, 1, 7, 217, 0)
    (464, 1, 1, 7, 218, 0)
    (465, 1, 1, 7, 219, 0)
    (466, 1, 1, 7, 220, 0)
    (467, 1, 1, 7, 221, 0)
    (468, 1, 1, 7, 222, 0)
    (469, 1, 1, 7, 223, 0)
    (470, 1, 1, 7, 224, 0)
    (471, 1, 1, 7, 225, 0)
    (472, 1, 1, 7, 226, 0)
    (473, 1, 1, 7, 227, 0)
    (474, 1, 1, 7, 228, 0)
    (475, 1, 1, 7, 229, 0)
    (476, 1, 1, 7, 230, 0)
    (477, 1, 1, 7, 231, 0)
    (478, 1, 1, 7, 232, 0)
    (479, 1, 1, 7, 233, 0)
    (480, 1, 1, 7, 234, 0)
    (481, 1, 1, 7, 235, 0)
    (482, 1, 1, 7, 236, 0)
    (483, 1, 1, 7, 237, 0)
    (484, 1, 1, 7, 238, 0)
    (485, 1, 1, 7, 239, 0)
    (486, 1, 1, 7, 240, 0)
    (487, 1, 1, 7, 241, 0)
    (488, 1, 1, 7, 242, 0)
    (489, 1, 1, 7, 243, 0)
    (490, 1, 1, 7, 244, 0)
    (491, 1, 1, 7, 245, 0)
    (492, 1, 1, 7, 246, 0)
    (493, 1, 1, 7, 247, 0)
    (494, 1, 1, 7, 248, 0)
    (495, 1, 1, 7, 249, 0)
    (496, 1, 1, 7, 250, 0)
    (497, 1, 1, 7, 251, 0)
    (498, 1, 1, 7, 252, 0)
    (499, 1, 1, 7, 253, 0)
    (500, 1, 1, 7, 254, 0)
    (501, 1, 1, 7, 255, 0)
    (502, 1, 1, 7, 256, 0)
    (503, 1, 1, 7, 257, 0)
    (504, 1, 1, 7, 258, 0)
    (505, 1, 1, 7, 259, 0)
    (506, 1, 1, 7, 260, 0)
    (507, 1, 1, 7, 261, 0)
    (508, 1, 1, 7, 262, 0)
    (509, 1, 1, 7, 263, 0)
    (510, 1, 1, 7, 264, 0)
    (511, 1, 1, 7, 265, 0)
    (512, 1, 1, 7, 266, 0)
    (513, 1, 1, 7, 267, 0)
    (514, 1, 1, 7, 268, 0)
    (515, 1, 1, 7, 269, 0)
    (516, 1, 1, 7, 270, 0)
    (517, 1, 1, 7, 271, 0)
    (518, 1, 1, 7, 272, 0)
    (519, 1, 1, 7, 273, 0)
    (520, 1, 1, 7, 274, 0)
    (521, 1, 1, 7, 275, 0)
    (522, 1, 1, 7, 276, 0)
    (523, 1, 1, 7, 277, 0)
    (524, 1, 1, 7, 278, 0)
    (525, 1, 1, 7, 279, 0)
    (526, 1, 1, 7, 280, 0)
    (527, 1, 1, 7, 281, 0)
    (528, 1, 1, 7, 282, 0)
    (529, 1, 1, 7, 283, 0)
    (530, 1, 1, 7, 284, 0)
    (531, 1, 1, 7, 285, 0)
    (532, 1, 1, 7, 286, 0)
    (533, 1, 1, 7, 287, 0)
    (534, 1, 1, 7, 288, 0)
    (535, 1, 1, 7, 289, 0)
    (536, 1, 1, 7, 290, 0)
    (537, 1, 1, 7, 291, 0)
    (538, 1, 1, 7, 292, 0)
    (539, 1, 1, 7, 293, 0)
    (540, 1, 1, 7, 294, 0)
    (541, 1, 1, 7, 295, 0)
    (542, 1, 1, 7, 296, 0)
    (543, 1, 1, 7, 297, 0)
    (544, 1, 1, 7, 298, 0)
    (545, 1, 1, 7, 299, 0)
    (546, 1, 1, 7, 300, 0)

a1=725 ([5, 29]): 0.0s, terms=781, |M|_final=1, |Pess|_final=1, maxgap=5, fallbacks=0, stabilized=YES
  samples (n, |M|, |Pess|, maxgap, stable, fb):
    (100, 31, 33, 5, 4, 0)
    (200, 50, 51, 5, 8, 0)
    (300, 74, 75, 5, 0, 0)
    (400, 94, 95, 5, 0, 0)
    (500, 1, 1, 5, 20, 0)
    (600, 1, 1, 5, 120, 0)
    (680, 1, 1, 5, 200, 0)
    (681, 1, 1, 5, 201, 0)
    (682, 1, 1, 5, 202, 0)
    (683, 1, 1, 5, 203, 0)
    (684, 1, 1, 5, 204, 0)
    (685, 1, 1, 5, 205, 0)
    (686, 1, 1, 5, 206, 0)
    (687, 1, 1, 5, 207, 0)
    (688, 1, 1, 5, 208, 0)
    (689, 1, 1, 5, 209, 0)
    (690, 1, 1, 5, 210, 0)
    (691, 1, 1, 5, 211, 0)
    (692, 1, 1, 5, 212, 0)
    (693, 1, 1, 5, 213, 0)
    (694, 1, 1, 5, 214, 0)
    (695, 1, 1, 5, 215, 0)
    (696, 1, 1, 5, 216, 0)
    (697, 1, 1, 5, 217, 0)
    (698, 1, 1, 5, 218, 0)
    (699, 1, 1, 5, 219, 0)
    (700, 1, 1, 5, 220, 0)
    (701, 1, 1, 5, 221, 0)
    (702, 1, 1, 5, 222, 0)
    (703, 1, 1, 5, 223, 0)
    (704, 1, 1, 5, 224, 0)
    (705, 1, 1, 5, 225, 0)
    (706, 1, 1, 5, 226, 0)
    (707, 1, 1, 5, 227, 0)
    (708, 1, 1, 5, 228, 0)
    (709, 1, 1, 5, 229, 0)
    (710, 1, 1, 5, 230, 0)
    (711, 1, 1, 5, 231, 0)
    (712, 1, 1, 5, 232, 0)
    (713, 1, 1, 5, 233, 0)
    (714, 1, 1, 5, 234, 0)
    (715, 1, 1, 5, 235, 0)
    (716, 1, 1, 5, 236, 0)
    (717, 1, 1, 5, 237, 0)
    (718, 1, 1, 5, 238, 0)
    (719, 1, 1, 5, 239, 0)
    (720, 1, 1, 5, 240, 0)
    (721, 1, 1, 5, 241, 0)
    (722, 1, 1, 5, 242, 0)
    (723, 1, 1, 5, 243, 0)
    (724, 1, 1, 5, 244, 0)
    (725, 1, 1, 5, 245, 0)
    (726, 1, 1, 5, 246, 0)
    (727, 1, 1, 5, 247, 0)
    (728, 1, 1, 5, 248, 0)
    (729, 1, 1, 5, 249, 0)
    (730, 1, 1, 5, 250, 0)
    (731, 1, 1, 5, 251, 0)
    (732, 1, 1, 5, 252, 0)
    (733, 1, 1, 5, 253, 0)
    (734, 1, 1, 5, 254, 0)
    (735, 1, 1, 5, 255, 0)
    (736, 1, 1, 5, 256, 0)
    (737, 1, 1, 5, 257, 0)
    (738, 1, 1, 5, 258, 0)
    (739, 1, 1, 5, 259, 0)
    (740, 1, 1, 5, 260, 0)
    (741, 1, 1, 5, 261, 0)
    (742, 1, 1, 5, 262, 0)
    (743, 1, 1, 5, 263, 0)
    (744, 1, 1, 5, 264, 0)
    (745, 1, 1, 5, 265, 0)
    (746, 1, 1, 5, 266, 0)
    (747, 1, 1, 5, 267, 0)
    (748, 1, 1, 5, 268, 0)
    (749, 1, 1, 5, 269, 0)
    (750, 1, 1, 5, 270, 0)
    (751, 1, 1, 5, 271, 0)
    (752, 1, 1, 5, 272, 0)
    (753, 1, 1, 5, 273, 0)
    (754, 1, 1, 5, 274, 0)
    (755, 1, 1, 5, 275, 0)
    (756, 1, 1, 5, 276, 0)
    (757, 1, 1, 5, 277, 0)
    (758, 1, 1, 5, 278, 0)
    (759, 1, 1, 5, 279, 0)
    (760, 1, 1, 5, 280, 0)
    (761, 1, 1, 5, 281, 0)
    (762, 1, 1, 5, 282, 0)
    (763, 1, 1, 5, 283, 0)
    (764, 1, 1, 5, 284, 0)
    (765, 1, 1, 5, 285, 0)
    (766, 1, 1, 5, 286, 0)
    (767, 1, 1, 5, 287, 0)
    (768, 1, 1, 5, 288, 0)
    (769, 1, 1, 5, 289, 0)
    (770, 1, 1, 5, 290, 0)
    (771, 1, 1, 5, 291, 0)
    (772, 1, 1, 5, 292, 0)
    (773, 1, 1, 5, 293, 0)
    (774, 1, 1, 5, 294, 0)
    (775, 1, 1, 5, 295, 0)
    (776, 1, 1, 5, 296, 0)
    (777, 1, 1, 5, 297, 0)
    (778, 1, 1, 5, 298, 0)
    (779, 1, 1, 5, 299, 0)
    (780, 1, 1, 5, 300, 0)

a1=833 ([7, 17]): 0.0s, terms=525, |M|_final=1, |Pess|_final=1, maxgap=7, fallbacks=0, stabilized=YES
  samples (n, |M|, |Pess|, maxgap, stable, fb):
    (100, 27, 28, 7, 2, 0)
    (200, 49, 50, 7, 2, 0)
    (300, 1, 1, 7, 76, 0)
    (400, 1, 1, 7, 176, 0)
    (424, 1, 1, 7, 200, 0)
    (425, 1, 1, 7, 201, 0)
    (426, 1, 1, 7, 202, 0)
    (427, 1, 1, 7, 203, 0)
    (428, 1, 1, 7, 204, 0)
    (429, 1, 1, 7, 205, 0)
    (430, 1, 1, 7, 206, 0)
    (431, 1, 1, 7, 207, 0)
    (432, 1, 1, 7, 208, 0)
    (433, 1, 1, 7, 209, 0)
    (434, 1, 1, 7, 210, 0)
    (435, 1, 1, 7, 211, 0)
    (436, 1, 1, 7, 212, 0)
    (437, 1, 1, 7, 213, 0)
    (438, 1, 1, 7, 214, 0)
    (439, 1, 1, 7, 215, 0)
    (440, 1, 1, 7, 216, 0)
    (441, 1, 1, 7, 217, 0)
    (442, 1, 1, 7, 218, 0)
    (443, 1, 1, 7, 219, 0)
    (444, 1, 1, 7, 220, 0)
    (445, 1, 1, 7, 221, 0)
    (446, 1, 1, 7, 222, 0)
    (447, 1, 1, 7, 223, 0)
    (448, 1, 1, 7, 224, 0)
    (449, 1, 1, 7, 225, 0)
    (450, 1, 1, 7, 226, 0)
    (451, 1, 1, 7, 227, 0)
    (452, 1, 1, 7, 228, 0)
    (453, 1, 1, 7, 229, 0)
    (454, 1, 1, 7, 230, 0)
    (455, 1, 1, 7, 231, 0)
    (456, 1, 1, 7, 232, 0)
    (457, 1, 1, 7, 233, 0)
    (458, 1, 1, 7, 234, 0)
    (459, 1, 1, 7, 235, 0)
    (460, 1, 1, 7, 236, 0)
    (461, 1, 1, 7, 237, 0)
    (462, 1, 1, 7, 238, 0)
    (463, 1, 1, 7, 239, 0)
    (464, 1, 1, 7, 240, 0)
    (465, 1, 1, 7, 241, 0)
    (466, 1, 1, 7, 242, 0)
    (467, 1, 1, 7, 243, 0)
    (468, 1, 1, 7, 244, 0)
    (469, 1, 1, 7, 245, 0)
    (470, 1, 1, 7, 246, 0)
    (471, 1, 1, 7, 247, 0)
    (472, 1, 1, 7, 248, 0)
    (473, 1, 1, 7, 249, 0)
    (474, 1, 1, 7, 250, 0)
    (475, 1, 1, 7, 251, 0)
    (476, 1, 1, 7, 252, 0)
    (477, 1, 1, 7, 253, 0)
    (478, 1, 1, 7, 254, 0)
    (479, 1, 1, 7, 255, 0)
    (480, 1, 1, 7, 256, 0)
    (481, 1, 1, 7, 257, 0)
    (482, 1, 1, 7, 258, 0)
    (483, 1, 1, 7, 259, 0)
    (484, 1, 1, 7, 260, 0)
    (485, 1, 1, 7, 261, 0)
    (486, 1, 1, 7, 262, 0)
    (487, 1, 1, 7, 263, 0)
    (488, 1, 1, 7, 264, 0)
    (489, 1, 1, 7, 265, 0)
    (490, 1, 1, 7, 266, 0)
    (491, 1, 1, 7, 267, 0)
    (492, 1, 1, 7, 268, 0)
    (493, 1, 1, 7, 269, 0)
    (494, 1, 1, 7, 270, 0)
    (495, 1, 1, 7, 271, 0)
    (496, 1, 1, 7, 272, 0)
    (497, 1, 1, 7, 273, 0)
    (498, 1, 1, 7, 274, 0)
    (499, 1, 1, 7, 275, 0)
    (500, 1, 1, 7, 276, 0)
    (501, 1, 1, 7, 277, 0)
    (502, 1, 1, 7, 278, 0)
    (503, 1, 1, 7, 279, 0)
    (504, 1, 1, 7, 280, 0)
    (505, 1, 1, 7, 281, 0)
    (506, 1, 1, 7, 282, 0)
    (507, 1, 1, 7, 283, 0)
    (508, 1, 1, 7, 284, 0)
    (509, 1, 1, 7, 285, 0)
    (510, 1, 1, 7, 286, 0)
    (511, 1, 1, 7, 287, 0)
    (512, 1, 1, 7, 288, 0)
    (513, 1, 1, 7, 289, 0)
    (514, 1, 1, 7, 290, 0)
    (515, 1, 1, 7, 291, 0)
    (516, 1, 1, 7, 292, 0)
    (517, 1, 1, 7, 293, 0)
    (518, 1, 1, 7, 294, 0)
    (519, 1, 1, 7, 295, 0)
    (520, 1, 1, 7, 296, 0)
    (521, 1, 1, 7, 297, 0)
    (522, 1, 1, 7, 298, 0)
    (523, 1, 1, 7, 299, 0)
    (524, 1, 1, 7, 300, 0)

a1=867 ([3, 17]): 0.0s, terms=741, |M|_final=1, |Pess|_final=1, maxgap=3, fallbacks=0, stabilized=YES
  samples (n, |M|, |Pess|, maxgap, stable, fb):
    (100, 33, 34, 3, 0, 0)
    (200, 58, 59, 3, 0, 0)
    (300, 81, 82, 3, 2, 0)
    (400, 107, 108, 3, 2, 0)
    (500, 1, 1, 3, 60, 0)
    (600, 1, 1, 3, 160, 0)
    (640, 1, 1, 3, 200, 0)
    (641, 1, 1, 3, 201, 0)
    (642, 1, 1, 3, 202, 0)
    (643, 1, 1, 3, 203, 0)
    (644, 1, 1, 3, 204, 0)
    (645, 1, 1, 3, 205, 0)
    (646, 1, 1, 3, 206, 0)
    (647, 1, 1, 3, 207, 0)
    (648, 1, 1, 3, 208, 0)
    (649, 1, 1, 3, 209, 0)
    (650, 1, 1, 3, 210, 0)
    (651, 1, 1, 3, 211, 0)
    (652, 1, 1, 3, 212, 0)
    (653, 1, 1, 3, 213, 0)
    (654, 1, 1, 3, 214, 0)
    (655, 1, 1, 3, 215, 0)
    (656, 1, 1, 3, 216, 0)
    (657, 1, 1, 3, 217, 0)
    (658, 1, 1, 3, 218, 0)
    (659, 1, 1, 3, 219, 0)
    (660, 1, 1, 3, 220, 0)
    (661, 1, 1, 3, 221, 0)
    (662, 1, 1, 3, 222, 0)
    (663, 1, 1, 3, 223, 0)
    (664, 1, 1, 3, 224, 0)
    (665, 1, 1, 3, 225, 0)
    (666, 1, 1, 3, 226, 0)
    (667, 1, 1, 3, 227, 0)
    (668, 1, 1, 3, 228, 0)
    (669, 1, 1, 3, 229, 0)
    (670, 1, 1, 3, 230, 0)
    (671, 1, 1, 3, 231, 0)
    (672, 1, 1, 3, 232, 0)
    (673, 1, 1, 3, 233, 0)
    (674, 1, 1, 3, 234, 0)
    (675, 1, 1, 3, 235, 0)
    (676, 1, 1, 3, 236, 0)
    (677, 1, 1, 3, 237, 0)
    (678, 1, 1, 3, 238, 0)
    (679, 1, 1, 3, 239, 0)
    (680, 1, 1, 3, 240, 0)
    (681, 1, 1, 3, 241, 0)
    (682, 1, 1, 3, 242, 0)
    (683, 1, 1, 3, 243, 0)
    (684, 1, 1, 3, 244, 0)
    (685, 1, 1, 3, 245, 0)
    (686, 1, 1, 3, 246, 0)
    (687, 1, 1, 3, 247, 0)
    (688, 1, 1, 3, 248, 0)
    (689, 1, 1, 3, 249, 0)
    (690, 1, 1, 3, 250, 0)
    (691, 1, 1, 3, 251, 0)
    (692, 1, 1, 3, 252, 0)
    (693, 1, 1, 3, 253, 0)
    (694, 1, 1, 3, 254, 0)
    (695, 1, 1, 3, 255, 0)
    (696, 1, 1, 3, 256, 0)
    (697, 1, 1, 3, 257, 0)
    (698, 1, 1, 3, 258, 0)
    (699, 1, 1, 3, 259, 0)
    (700, 1, 1, 3, 260, 0)
    (701, 1, 1, 3, 261, 0)
    (702, 1, 1, 3, 262, 0)
    (703, 1, 1, 3, 263, 0)
    (704, 1, 1, 3, 264, 0)
    (705, 1, 1, 3, 265, 0)
    (706, 1, 1, 3, 266, 0)
    (707, 1, 1, 3, 267, 0)
    (708, 1, 1, 3, 268, 0)
    (709, 1, 1, 3, 269, 0)
    (710, 1, 1, 3, 270, 0)
    (711, 1, 1, 3, 271, 0)
    (712, 1, 1, 3, 272, 0)
    (713, 1, 1, 3, 273, 0)
    (714, 1, 1, 3, 274, 0)
    (715, 1, 1, 3, 275, 0)
    (716, 1, 1, 3, 276, 0)
    (717, 1, 1, 3, 277, 0)
    (718, 1, 1, 3, 278, 0)
    (719, 1, 1, 3, 279, 0)
    (720, 1, 1, 3, 280, 0)
    (721, 1, 1, 3, 281, 0)
    (722, 1, 1, 3, 282, 0)
    (723, 1, 1, 3, 283, 0)
    (724, 1, 1, 3, 284, 0)
    (725, 1, 1, 3, 285, 0)
    (726, 1, 1, 3, 286, 0)
    (727, 1, 1, 3, 287, 0)
    (728, 1, 1, 3, 288, 0)
    (729, 1, 1, 3, 289, 0)
    (730, 1, 1, 3, 290, 0)
    (731, 1, 1, 3, 291, 0)
    (732, 1, 1, 3, 292, 0)
    (733, 1, 1, 3, 293, 0)
    (734, 1, 1, 3, 294, 0)
    (735, 1, 1, 3, 295, 0)
    (736, 1, 1, 3, 296, 0)
    (737, 1, 1, 3, 297, 0)
    (738, 1, 1, 3, 298, 0)
    (739, 1, 1, 3, 299, 0)
    (740, 1, 1, 3, 300, 0)

a1=1587 ([3, 23]): 0.0s, terms=501, |M|_final=1, |Pess|_final=1, maxgap=3, fallbacks=0, stabilized=YES
  samples (n, |M|, |Pess|, maxgap, stable, fb):
    (100, 37, 40, 3, 0, 0)
    (200, 1, 1, 3, 0, 0)
    (300, 1, 1, 3, 100, 0)
    (400, 1, 1, 3, 200, 0)
    (401, 1, 1, 3, 201, 0)
    (402, 1, 1, 3, 202, 0)
    (403, 1, 1, 3, 203, 0)
    (404, 1, 1, 3, 204, 0)
    (405, 1, 1, 3, 205, 0)
    (406, 1, 1, 3, 206, 0)
    (407, 1, 1, 3, 207, 0)
    (408, 1, 1, 3, 208, 0)
    (409, 1, 1, 3, 209, 0)
    (410, 1, 1, 3, 210, 0)
    (411, 1, 1, 3, 211, 0)
    (412, 1, 1, 3, 212, 0)
    (413, 1, 1, 3, 213, 0)
    (414, 1, 1, 3, 214, 0)
    (415, 1, 1, 3, 215, 0)
    (416, 1, 1, 3, 216, 0)
    (417, 1, 1, 3, 217, 0)
    (418, 1, 1, 3, 218, 0)
    (419, 1, 1, 3, 219, 0)
    (420, 1, 1, 3, 220, 0)
    (421, 1, 1, 3, 221, 0)
    (422, 1, 1, 3, 222, 0)
    (423, 1, 1, 3, 223, 0)
    (424, 1, 1, 3, 224, 0)
    (425, 1, 1, 3, 225, 0)
    (426, 1, 1, 3, 226, 0)
    (427, 1, 1, 3, 227, 0)
    (428, 1, 1, 3, 228, 0)
    (429, 1, 1, 3, 229, 0)
    (430, 1, 1, 3, 230, 0)
    (431, 1, 1, 3, 231, 0)
    (432, 1, 1, 3, 232, 0)
    (433, 1, 1, 3, 233, 0)
    (434, 1, 1, 3, 234, 0)
    (435, 1, 1, 3, 235, 0)
    (436, 1, 1, 3, 236, 0)
    (437, 1, 1, 3, 237, 0)
    (438, 1, 1, 3, 238, 0)
    (439, 1, 1, 3, 239, 0)
    (440, 1, 1, 3, 240, 0)
    (441, 1, 1, 3, 241, 0)
    (442, 1, 1, 3, 242, 0)
    (443, 1, 1, 3, 243, 0)
    (444, 1, 1, 3, 244, 0)
    (445, 1, 1, 3, 245, 0)
    (446, 1, 1, 3, 246, 0)
    (447, 1, 1, 3, 247, 0)
    (448, 1, 1, 3, 248, 0)
    (449, 1, 1, 3, 249, 0)
    (450, 1, 1, 3, 250, 0)
    (451, 1, 1, 3, 251, 0)
    (452, 1, 1, 3, 252, 0)
    (453, 1, 1, 3, 253, 0)
    (454, 1, 1, 3, 254, 0)
    (455, 1, 1, 3, 255, 0)
    (456, 1, 1, 3, 256, 0)
    (457, 1, 1, 3, 257, 0)
    (458, 1, 1, 3, 258, 0)
    (459, 1, 1, 3, 259, 0)
    (460, 1, 1, 3, 260, 0)
    (461, 1, 1, 3, 261, 0)
    (462, 1, 1, 3, 262, 0)
    (463, 1, 1, 3, 263, 0)
    (464, 1, 1, 3, 264, 0)
    (465, 1, 1, 3, 265, 0)
    (466, 1, 1, 3, 266, 0)
    (467, 1, 1, 3, 267, 0)
    (468, 1, 1, 3, 268, 0)
    (469, 1, 1, 3, 269, 0)
    (470, 1, 1, 3, 270, 0)
    (471, 1, 1, 3, 271, 0)
    (472, 1, 1, 3, 272, 0)
    (473, 1, 1, 3, 273, 0)
    (474, 1, 1, 3, 274, 0)
    (475, 1, 1, 3, 275, 0)
    (476, 1, 1, 3, 276, 0)
    (477, 1, 1, 3, 277, 0)
    (478, 1, 1, 3, 278, 0)
    (479, 1, 1, 3, 279, 0)
    (480, 1, 1, 3, 280, 0)
    (481, 1, 1, 3, 281, 0)
    (482, 1, 1, 3, 282, 0)
    (483, 1, 1, 3, 283, 0)
    (484, 1, 1, 3, 284, 0)
    (485, 1, 1, 3, 285, 0)
    (486, 1, 1, 3, 286, 0)
    (487, 1, 1, 3, 287, 0)
    (488, 1, 1, 3, 288, 0)
    (489, 1, 1, 3, 289, 0)
    (490, 1, 1, 3, 290, 0)
    (491, 1, 1, 3, 291, 0)
    (492, 1, 1, 3, 292, 0)
    (493, 1, 1, 3, 293, 0)
    (494, 1, 1, 3, 294, 0)
    (495, 1, 1, 3, 295, 0)
    (496, 1, 1, 3, 296, 0)
    (497, 1, 1, 3, 297, 0)
    (498, 1, 1, 3, 298, 0)
    (499, 1, 1, 3, 299, 0)
    (500, 1, 1, 3, 300, 0)

a1=2023 ([7, 17]): 0.0s, terms=556, |M|_final=5, |Pess|_final=5, maxgap=14, fallbacks=0, stabilized=YES
  samples (n, |M|, |Pess|, maxgap, stable, fb):
    (100, 29, 28, 14, 1, 0)
    (200, 20, 21, 14, 4, 0)
    (300, 5, 5, 14, 45, 0)
    (400, 5, 5, 14, 145, 0)
    (455, 5, 5, 14, 200, 0)
    (456, 5, 5, 14, 201, 0)
    (457, 5, 5, 14, 202, 0)
    (458, 5, 5, 14, 203, 0)
    (459, 5, 5, 14, 204, 0)
    (460, 5, 5, 14, 205, 0)
    (461, 5, 5, 14, 206, 0)
    (462, 5, 5, 14, 207, 0)
    (463, 5, 5, 14, 208, 0)
    (464, 5, 5, 14, 209, 0)
    (465, 5, 5, 14, 210, 0)
    (466, 5, 5, 14, 211, 0)
    (467, 5, 5, 14, 212, 0)
    (468, 5, 5, 14, 213, 0)
    (469, 5, 5, 14, 214, 0)
    (470, 5, 5, 14, 215, 0)
    (471, 5, 5, 14, 216, 0)
    (472, 5, 5, 14, 217, 0)
    (473, 5, 5, 14, 218, 0)
    (474, 5, 5, 14, 219, 0)
    (475, 5, 5, 14, 220, 0)
    (476, 5, 5, 14, 221, 0)
    (477, 5, 5, 14, 222, 0)
    (478, 5, 5, 14, 223, 0)
    (479, 5, 5, 14, 224, 0)
    (480, 5, 5, 14, 225, 0)
    (481, 5, 5, 14, 226, 0)
    (482, 5, 5, 14, 227, 0)
    (483, 5, 5, 14, 228, 0)
    (484, 5, 5, 14, 229, 0)
    (485, 5, 5, 14, 230, 0)
    (486, 5, 5, 14, 231, 0)
    (487, 5, 5, 14, 232, 0)
    (488, 5, 5, 14, 233, 0)
    (489, 5, 5, 14, 234, 0)
    (490, 5, 5, 14, 235, 0)
    (491, 5, 5, 14, 236, 0)
    (492, 5, 5, 14, 237, 0)
    (493, 5, 5, 14, 238, 0)
    (494, 5, 5, 14, 239, 0)
    (495, 5, 5, 14, 240, 0)
    (496, 5, 5, 14, 241, 0)
    (497, 5, 5, 14, 242, 0)
    (498, 5, 5, 14, 243, 0)
    (499, 5, 5, 14, 244, 0)
    (500, 5, 5, 14, 245, 0)
    (501, 5, 5, 14, 246, 0)
    (502, 5, 5, 14, 247, 0)
    (503, 5, 5, 14, 248, 0)
    (504, 5, 5, 14, 249, 0)
    (505, 5, 5, 14, 250, 0)
    (506, 5, 5, 14, 251, 0)
    (507, 5, 5, 14, 252, 0)
    (508, 5, 5, 14, 253, 0)
    (509, 5, 5, 14, 254, 0)
    (510, 5, 5, 14, 255, 0)
    (511, 5, 5, 14, 256, 0)
    (512, 5, 5, 14, 257, 0)
    (513, 5, 5, 14, 258, 0)
    (514, 5, 5, 14, 259, 0)
    (515, 5, 5, 14, 260, 0)
    (516, 5, 5, 14, 261, 0)
    (517, 5, 5, 14, 262, 0)
    (518, 5, 5, 14, 263, 0)
    (519, 5, 5, 14, 264, 0)
    (520, 5, 5, 14, 265, 0)
    (521, 5, 5, 14, 266, 0)
    (522, 5, 5, 14, 267, 0)
    (523, 5, 5, 14, 268, 0)
    (524, 5, 5, 14, 269, 0)
    (525, 5, 5, 14, 270, 0)
    (526, 5, 5, 14, 271, 0)
    (527, 5, 5, 14, 272, 0)
    (528, 5, 5, 14, 273, 0)
    (529, 5, 5, 14, 274, 0)
    (530, 5, 5, 14, 275, 0)
    (531, 5, 5, 14, 276, 0)
    (532, 5, 5, 14, 277, 0)
    (533, 5, 5, 14, 278, 0)
    (534, 5, 5, 14, 279, 0)
    (535, 5, 5, 14, 280, 0)
    (536, 5, 5, 14, 281, 0)
    (537, 5, 5, 14, 282, 0)
    (538, 5, 5, 14, 283, 0)
    (539, 5, 5, 14, 284, 0)
    (540, 5, 5, 14, 285, 0)
    (541, 5, 5, 14, 286, 0)
    (542, 5, 5, 14, 287, 0)
    (543, 5, 5, 14, 288, 0)
    (544, 5, 5, 14, 289, 0)
    (545, 5, 5, 14, 290, 0)
    (546, 5, 5, 14, 291, 0)
    (547, 5, 5, 14, 292, 0)
    (548, 5, 5, 14, 293, 0)
    (549, 5, 5, 14, 294, 0)
    (550, 5, 5, 14, 295, 0)
    (551, 5, 5, 14, 296, 0)
    (552, 5, 5, 14, 297, 0)
    (553, 5, 5, 14, 298, 0)
    (554, 5, 5, 14, 299, 0)
    (555, 5, 5, 14, 300, 0)

a1=2047 ([23, 89]): 0.0s, terms=741, |M|_final=1, |Pess|_final=1, maxgap=23, fallbacks=0, stabilized=YES
  samples (n, |M|, |Pess|, maxgap, stable, fb):
    (100, 34, 36, 23, 6, 0)
    (200, 45, 46, 23, 0, 0)
    (300, 62, 63, 23, 0, 0)
    (400, 78, 79, 23, 2, 0)
    (500, 1, 1, 23, 60, 0)
    (600, 1, 1, 23, 160, 0)
    (640, 1, 1, 23, 200, 0)
    (641, 1, 1, 23, 201, 0)
    (642, 1, 1, 23, 202, 0)
    (643, 1, 1, 23, 203, 0)
    (644, 1, 1, 23, 204, 0)
    (645, 1, 1, 23, 205, 0)
    (646, 1, 1, 23, 206, 0)
    (647, 1, 1, 23, 207, 0)
    (648, 1, 1, 23, 208, 0)
    (649, 1, 1, 23, 209, 0)
    (650, 1, 1, 23, 210, 0)
    (651, 1, 1, 23, 211, 0)
    (652, 1, 1, 23, 212, 0)
    (653, 1, 1, 23, 213, 0)
    (654, 1, 1, 23, 214, 0)
    (655, 1, 1, 23, 215, 0)
    (656, 1, 1, 23, 216, 0)
    (657, 1, 1, 23, 217, 0)
    (658, 1, 1, 23, 218, 0)
    (659, 1, 1, 23, 219, 0)
    (660, 1, 1, 23, 220, 0)
    (661, 1, 1, 23, 221, 0)
    (662, 1, 1, 23, 222, 0)
    (663, 1, 1, 23, 223, 0)
    (664, 1, 1, 23, 224, 0)
    (665, 1, 1, 23, 225, 0)
    (666, 1, 1, 23, 226, 0)
    (667, 1, 1, 23, 227, 0)
    (668, 1, 1, 23, 228, 0)
    (669, 1, 1, 23, 229, 0)
    (670, 1, 1, 23, 230, 0)
    (671, 1, 1, 23, 231, 0)
    (672, 1, 1, 23, 232, 0)
    (673, 1, 1, 23, 233, 0)
    (674, 1, 1, 23, 234, 0)
    (675, 1, 1, 23, 235, 0)
    (676, 1, 1, 23, 236, 0)
    (677, 1, 1, 23, 237, 0)
    (678, 1, 1, 23, 238, 0)
    (679, 1, 1, 23, 239, 0)
    (680, 1, 1, 23, 240, 0)
    (681, 1, 1, 23, 241, 0)
    (682, 1, 1, 23, 242, 0)
    (683, 1, 1, 23, 243, 0)
    (684, 1, 1, 23, 244, 0)
    (685, 1, 1, 23, 245, 0)
    (686, 1, 1, 23, 246, 0)
    (687, 1, 1, 23, 247, 0)
    (688, 1, 1, 23, 248, 0)
    (689, 1, 1, 23, 249, 0)
    (690, 1, 1, 23, 250, 0)
    (691, 1, 1, 23, 251, 0)
    (692, 1, 1, 23, 252, 0)
    (693, 1, 1, 23, 253, 0)
    (694, 1, 1, 23, 254, 0)
    (695, 1, 1, 23, 255, 0)
    (696, 1, 1, 23, 256, 0)
    (697, 1, 1, 23, 257, 0)
    (698, 1, 1, 23, 258, 0)
    (699, 1, 1, 23, 259, 0)
    (700, 1, 1, 23, 260, 0)
    (701, 1, 1, 23, 261, 0)
    (702, 1, 1, 23, 262, 0)
    (703, 1, 1, 23, 263, 0)
    (704, 1, 1, 23, 264, 0)
    (705, 1, 1, 23, 265, 0)
    (706, 1, 1, 23, 266, 0)
    (707, 1, 1, 23, 267, 0)
    (708, 1, 1, 23, 268, 0)
    (709, 1, 1, 23, 269, 0)
    (710, 1, 1, 23, 270, 0)
    (711, 1, 1, 23, 271, 0)
    (712, 1, 1, 23, 272, 0)
    (713, 1, 1, 23, 273, 0)
    (714, 1, 1, 23, 274, 0)
    (715, 1, 1, 23, 275, 0)
    (716, 1, 1, 23, 276, 0)
    (717, 1, 1, 23, 277, 0)
    (718, 1, 1, 23, 278, 0)
    (719, 1, 1, 23, 279, 0)
    (720, 1, 1, 23, 280, 0)
    (721, 1, 1, 23, 281, 0)
    (722, 1, 1, 23, 282, 0)
    (723, 1, 1, 23, 283, 0)
    (724, 1, 1, 23, 284, 0)
    (725, 1, 1, 23, 285, 0)
    (726, 1, 1, 23, 286, 0)
    (727, 1, 1, 23, 287, 0)
    (728, 1, 1, 23, 288, 0)
    (729, 1, 1, 23, 289, 0)
    (730, 1, 1, 23, 290, 0)
    (731, 1, 1, 23, 291, 0)
    (732, 1, 1, 23, 292, 0)
    (733, 1, 1, 23, 293, 0)
    (734, 1, 1, 23, 294, 0)
    (735, 1, 1, 23, 295, 0)
    (736, 1, 1, 23, 296, 0)
    (737, 1, 1, 23, 297, 0)
    (738, 1, 1, 23, 298, 0)
    (739, 1, 1, 23, 299, 0)
    (740, 1, 1, 23, 300, 0)

a1=2523 ([3, 29]): 0.1s, terms=1647, |M|_final=1, |Pess|_final=1, maxgap=3, fallbacks=0, stabilized=YES
  samples (n, |M|, |Pess|, maxgap, stable, fb):
    (100, 46, 46, 3, 0, 0)
    (200, 75, 74, 3, 0, 0)
    (300, 78, 80, 3, 4, 0)
    (400, 101, 103, 3, 4, 0)
    (500, 123, 125, 3, 0, 0)
    (600, 144, 146, 3, 2, 0)
    (700, 166, 168, 3, 0, 0)
    (800, 189, 190, 3, 0, 0)
    (900, 209, 210, 3, 0, 0)
    (1000, 229, 230, 3, 2, 0)
    (1100, 250, 251, 3, 0, 0)
    (1200, 271, 272, 3, 2, 0)
    (1300, 293, 294, 3, 0, 0)
    (1400, 1, 1, 3, 54, 0)
    (1500, 1, 1, 3, 154, 0)
    (1546, 1, 1, 3, 200, 0)
    (1547, 1, 1, 3, 201, 0)
    (1548, 1, 1, 3, 202, 0)
    (1549, 1, 1, 3, 203, 0)
    (1550, 1, 1, 3, 204, 0)
    (1551, 1, 1, 3, 205, 0)
    (1552, 1, 1, 3, 206, 0)
    (1553, 1, 1, 3, 207, 0)
    (1554, 1, 1, 3, 208, 0)
    (1555, 1, 1, 3, 209, 0)
    (1556, 1, 1, 3, 210, 0)
    (1557, 1, 1, 3, 211, 0)
    (1558, 1, 1, 3, 212, 0)
    (1559, 1, 1, 3, 213, 0)
    (1560, 1, 1, 3, 214, 0)
    (1561, 1, 1, 3, 215, 0)
    (1562, 1, 1, 3, 216, 0)
    (1563, 1, 1, 3, 217, 0)
    (1564, 1, 1, 3, 218, 0)
    (1565, 1, 1, 3, 219, 0)
    (1566, 1, 1, 3, 220, 0)
    (1567, 1, 1, 3, 221, 0)
    (1568, 1, 1, 3, 222, 0)
    (1569, 1, 1, 3, 223, 0)
    (1570, 1, 1, 3, 224, 0)
    (1571, 1, 1, 3, 225, 0)
    (1572, 1, 1, 3, 226, 0)
    (1573, 1, 1, 3, 227, 0)
    (1574, 1, 1, 3, 228, 0)
    (1575, 1, 1, 3, 229, 0)
    (1576, 1, 1, 3, 230, 0)
    (1577, 1, 1, 3, 231, 0)
    (1578, 1, 1, 3, 232, 0)
    (1579, 1, 1, 3, 233, 0)
    (1580, 1, 1, 3, 234, 0)
    (1581, 1, 1, 3, 235, 0)
    (1582, 1, 1, 3, 236, 0)
    (1583, 1, 1, 3, 237, 0)
    (1584, 1, 1, 3, 238, 0)
    (1585, 1, 1, 3, 239, 0)
    (1586, 1, 1, 3, 240, 0)
    (1587, 1, 1, 3, 241, 0)
    (1588, 1, 1, 3, 242, 0)
    (1589, 1, 1, 3, 243, 0)
    (1590, 1, 1, 3, 244, 0)
    (1591, 1, 1, 3, 245, 0)
    (1592, 1, 1, 3, 246, 0)
    (1593, 1, 1, 3, 247, 0)
    (1594, 1, 1, 3, 248, 0)
    (1595, 1, 1, 3, 249, 0)
    (1596, 1, 1, 3, 250, 0)
    (1597, 1, 1, 3, 251, 0)
    (1598, 1, 1, 3, 252, 0)
    (1599, 1, 1, 3, 253, 0)
    (1600, 1, 1, 3, 254, 0)
    (1601, 1, 1, 3, 255, 0)
    (1602, 1, 1, 3, 256, 0)
    (1603, 1, 1, 3, 257, 0)
    (1604, 1, 1, 3, 258, 0)
    (1605, 1, 1, 3, 259, 0)
    (1606, 1, 1, 3, 260, 0)
    (1607, 1, 1, 3, 261, 0)
    (1608, 1, 1, 3, 262, 0)
    (1609, 1, 1, 3, 263, 0)
    (1610, 1, 1, 3, 264, 0)
    (1611, 1, 1, 3, 265, 0)
    (1612, 1, 1, 3, 266, 0)
    (1613, 1, 1, 3, 267, 0)
    (1614, 1, 1, 3, 268, 0)
    (1615, 1, 1, 3, 269, 0)
    (1616, 1, 1, 3, 270, 0)
    (1617, 1, 1, 3, 271, 0)
    (1618, 1, 1, 3, 272, 0)
    (1619, 1, 1, 3, 273, 0)
    (1620, 1, 1, 3, 274, 0)
    (1621, 1, 1, 3, 275, 0)
    (1622, 1, 1, 3, 276, 0)
    (1623, 1, 1, 3, 277, 0)
    (1624, 1, 1, 3, 278, 0)
    (1625, 1, 1, 3, 279, 0)
    (1626, 1, 1, 3, 280, 0)
    (1627, 1, 1, 3, 281, 0)
    (1628, 1, 1, 3, 282, 0)
    (1629, 1, 1, 3, 283, 0)
    (1630, 1, 1, 3, 284, 0)
    (1631, 1, 1, 3, 285, 0)
    (1632, 1, 1, 3, 286, 0)
    (1633, 1, 1, 3, 287, 0)
    (1634, 1, 1, 3, 288, 0)
    (1635, 1, 1, 3, 289, 0)
    (1636, 1, 1, 3, 290, 0)
    (1637, 1, 1, 3, 291, 0)
    (1638, 1, 1, 3, 292, 0)
    (1639, 1, 1, 3, 293, 0)
    (1640, 1, 1, 3, 294, 0)
    (1641, 1, 1, 3, 295, 0)
    (1642, 1, 1, 3, 296, 0)
    (1643, 1, 1, 3, 297, 0)
    (1644, 1, 1, 3, 298, 0)
    (1645, 1, 1, 3, 299, 0)
    (1646, 1, 1, 3, 300, 0)

a1=2783 ([11, 23]): 0.0s, terms=1379, |M|_final=1, |Pess|_final=1, maxgap=11, fallbacks=0, stabilized=YES
  samples (n, |M|, |Pess|, maxgap, stable, fb):
    (100, 25, 26, 11, 0, 0)
    (200, 44, 45, 11, 2, 0)
    (300, 60, 61, 11, 6, 0)
    (400, 80, 81, 11, 0, 0)
    (500, 96, 97, 11, 2, 0)
    (600, 112, 113, 11, 0, 0)
    (700, 129, 130, 11, 0, 0)
    (800, 145, 146, 11, 2, 0)
    (900, 162, 163, 11, 0, 0)
    (1000, 178, 179, 11, 4, 0)
    (1100, 1, 1, 11, 22, 0)
    (1200, 1, 1, 11, 122, 0)
    (1278, 1, 1, 11, 200, 0)
    (1279, 1, 1, 11, 201, 0)
    (1280, 1, 1, 11, 202, 0)
    (1281, 1, 1, 11, 203, 0)
    (1282, 1, 1, 11, 204, 0)
    (1283, 1, 1, 11, 205, 0)
    (1284, 1, 1, 11, 206, 0)
    (1285, 1, 1, 11, 207, 0)
    (1286, 1, 1, 11, 208, 0)
    (1287, 1, 1, 11, 209, 0)
    (1288, 1, 1, 11, 210, 0)
    (1289, 1, 1, 11, 211, 0)
    (1290, 1, 1, 11, 212, 0)
    (1291, 1, 1, 11, 213, 0)
    (1292, 1, 1, 11, 214, 0)
    (1293, 1, 1, 11, 215, 0)
    (1294, 1, 1, 11, 216, 0)
    (1295, 1, 1, 11, 217, 0)
    (1296, 1, 1, 11, 218, 0)
    (1297, 1, 1, 11, 219, 0)
    (1298, 1, 1, 11, 220, 0)
    (1299, 1, 1, 11, 221, 0)
    (1300, 1, 1, 11, 222, 0)
    (1301, 1, 1, 11, 223, 0)
    (1302, 1, 1, 11, 224, 0)
    (1303, 1, 1, 11, 225, 0)
    (1304, 1, 1, 11, 226, 0)
    (1305, 1, 1, 11, 227, 0)
    (1306, 1, 1, 11, 228, 0)
    (1307, 1, 1, 11, 229, 0)
    (1308, 1, 1, 11, 230, 0)
    (1309, 1, 1, 11, 231, 0)
    (1310, 1, 1, 11, 232, 0)
    (1311, 1, 1, 11, 233, 0)
    (1312, 1, 1, 11, 234, 0)
    (1313, 1, 1, 11, 235, 0)
    (1314, 1, 1, 11, 236, 0)
    (1315, 1, 1, 11, 237, 0)
    (1316, 1, 1, 11, 238, 0)
    (1317, 1, 1, 11, 239, 0)
    (1318, 1, 1, 11, 240, 0)
    (1319, 1, 1, 11, 241, 0)
    (1320, 1, 1, 11, 242, 0)
    (1321, 1, 1, 11, 243, 0)
    (1322, 1, 1, 11, 244, 0)
    (1323, 1, 1, 11, 245, 0)
    (1324, 1, 1, 11, 246, 0)
    (1325, 1, 1, 11, 247, 0)
    (1326, 1, 1, 11, 248, 0)
    (1327, 1, 1, 11, 249, 0)
    (1328, 1, 1, 11, 250, 0)
    (1329, 1, 1, 11, 251, 0)
    (1330, 1, 1, 11, 252, 0)
    (1331, 1, 1, 11, 253, 0)
    (1332, 1, 1, 11, 254, 0)
    (1333, 1, 1, 11, 255, 0)
    (1334, 1, 1, 11, 256, 0)
    (1335, 1, 1, 11, 257, 0)
    (1336, 1, 1, 11, 258, 0)
    (1337, 1, 1, 11, 259, 0)
    (1338, 1, 1, 11, 260, 0)
    (1339, 1, 1, 11, 261, 0)
    (1340, 1, 1, 11, 262, 0)
    (1341, 1, 1, 11, 263, 0)
    (1342, 1, 1, 11, 264, 0)
    (1343, 1, 1, 11, 265, 0)
    (1344, 1, 1, 11, 266, 0)
    (1345, 1, 1, 11, 267, 0)
    (1346, 1, 1, 11, 268, 0)
    (1347, 1, 1, 11, 269, 0)
    (1348, 1, 1, 11, 270, 0)
    (1349, 1, 1, 11, 271, 0)
    (1350, 1, 1, 11, 272, 0)
    (1351, 1, 1, 11, 273, 0)
    (1352, 1, 1, 11, 274, 0)
    (1353, 1, 1, 11, 275, 0)
    (1354, 1, 1, 11, 276, 0)
    (1355, 1, 1, 11, 277, 0)
    (1356, 1, 1, 11, 278, 0)
    (1357, 1, 1, 11, 279, 0)
    (1358, 1, 1, 11, 280, 0)
    (1359, 1, 1, 11, 281, 0)
    (1360, 1, 1, 11, 282, 0)
    (1361, 1, 1, 11, 283, 0)
    (1362, 1, 1, 11, 284, 0)
    (1363, 1, 1, 11, 285, 0)
    (1364, 1, 1, 11, 286, 0)
    (1365, 1, 1, 11, 287, 0)
    (1366, 1, 1, 11, 288, 0)
    (1367, 1, 1, 11, 289, 0)
    (1368, 1, 1, 11, 290, 0)
    (1369, 1, 1, 11, 291, 0)
    (1370, 1, 1, 11, 292, 0)
    (1371, 1, 1, 11, 293, 0)
    (1372, 1, 1, 11, 294, 0)
    (1373, 1, 1, 11, 295, 0)
    (1374, 1, 1, 11, 296, 0)
    (1375, 1, 1, 11, 297, 0)
    (1376, 1, 1, 11, 298, 0)
    (1377, 1, 1, 11, 299, 0)
    (1378, 1, 1, 11, 300, 0)

a1=4107 ([3, 37]): 0.0s, terms=1119, |M|_final=1, |Pess|_final=1, maxgap=3, fallbacks=0, stabilized=YES
  samples (n, |M|, |Pess|, maxgap, stable, fb):
    (100, 49, 52, 3, 0, 0)
    (200, 85, 83, 3, 0, 0)
    (300, 113, 112, 3, 0, 0)
    (400, 125, 126, 3, 4, 0)
    (500, 150, 151, 3, 2, 0)
    (600, 144, 146, 3, 10, 0)
    (700, 168, 170, 3, 0, 0)
    (800, 190, 192, 3, 0, 0)
    (900, 1, 1, 3, 82, 0)
    (1000, 1, 1, 3, 182, 0)
    (1018, 1, 1, 3, 200, 0)
    (1019, 1, 1, 3, 201, 0)
    (1020, 1, 1, 3, 202, 0)
    (1021, 1, 1, 3, 203, 0)
    (1022, 1, 1, 3, 204, 0)
    (1023, 1, 1, 3, 205, 0)
    (1024, 1, 1, 3, 206, 0)
    (1025, 1, 1, 3, 207, 0)
    (1026, 1, 1, 3, 208, 0)
    (1027, 1, 1, 3, 209, 0)
    (1028, 1, 1, 3, 210, 0)
    (1029, 1, 1, 3, 211, 0)
    (1030, 1, 1, 3, 212, 0)
    (1031, 1, 1, 3, 213, 0)
    (1032, 1, 1, 3, 214, 0)
    (1033, 1, 1, 3, 215, 0)
    (1034, 1, 1, 3, 216, 0)
    (1035, 1, 1, 3, 217, 0)
    (1036, 1, 1, 3, 218, 0)
    (1037, 1, 1, 3, 219, 0)
    (1038, 1, 1, 3, 220, 0)
    (1039, 1, 1, 3, 221, 0)
    (1040, 1, 1, 3, 222, 0)
    (1041, 1, 1, 3, 223, 0)
    (1042, 1, 1, 3, 224, 0)
    (1043, 1, 1, 3, 225, 0)
    (1044, 1, 1, 3, 226, 0)
    (1045, 1, 1, 3, 227, 0)
    (1046, 1, 1, 3, 228, 0)
    (1047, 1, 1, 3, 229, 0)
    (1048, 1, 1, 3, 230, 0)
    (1049, 1, 1, 3, 231, 0)
    (1050, 1, 1, 3, 232, 0)
    (1051, 1, 1, 3, 233, 0)
    (1052, 1, 1, 3, 234, 0)
    (1053, 1, 1, 3, 235, 0)
    (1054, 1, 1, 3, 236, 0)
    (1055, 1, 1, 3, 237, 0)
    (1056, 1, 1, 3, 238, 0)
    (1057, 1, 1, 3, 239, 0)
    (1058, 1, 1, 3, 240, 0)
    (1059, 1, 1, 3, 241, 0)
    (1060, 1, 1, 3, 242, 0)
    (1061, 1, 1, 3, 243, 0)
    (1062, 1, 1, 3, 244, 0)
    (1063, 1, 1, 3, 245, 0)
    (1064, 1, 1, 3, 246, 0)
    (1065, 1, 1, 3, 247, 0)
    (1066, 1, 1, 3, 248, 0)
    (1067, 1, 1, 3, 249, 0)
    (1068, 1, 1, 3, 250, 0)
    (1069, 1, 1, 3, 251, 0)
    (1070, 1, 1, 3, 252, 0)
    (1071, 1, 1, 3, 253, 0)
    (1072, 1, 1, 3, 254, 0)
    (1073, 1, 1, 3, 255, 0)
    (1074, 1, 1, 3, 256, 0)
    (1075, 1, 1, 3, 257, 0)
    (1076, 1, 1, 3, 258, 0)
    (1077, 1, 1, 3, 259, 0)
    (1078, 1, 1, 3, 260, 0)
    (1079, 1, 1, 3, 261, 0)
    (1080, 1, 1, 3, 262, 0)
    (1081, 1, 1, 3, 263, 0)
    (1082, 1, 1, 3, 264, 0)
    (1083, 1, 1, 3, 265, 0)
    (1084, 1, 1, 3, 266, 0)
    (1085, 1, 1, 3, 267, 0)
    (1086, 1, 1, 3, 268, 0)
    (1087, 1, 1, 3, 269, 0)
    (1088, 1, 1, 3, 270, 0)
    (1089, 1, 1, 3, 271, 0)
    (1090, 1, 1, 3, 272, 0)
    (1091, 1, 1, 3, 273, 0)
    (1092, 1, 1, 3, 274, 0)
    (1093, 1, 1, 3, 275, 0)
    (1094, 1, 1, 3, 276, 0)
    (1095, 1, 1, 3, 277, 0)
    (1096, 1, 1, 3, 278, 0)
    (1097, 1, 1, 3, 279, 0)
    (1098, 1, 1, 3, 280, 0)
    (1099, 1, 1, 3, 281, 0)
    (1100, 1, 1, 3, 282, 0)
    (1101, 1, 1, 3, 283, 0)
    (1102, 1, 1, 3, 284, 0)
    (1103, 1, 1, 3, 285, 0)
    (1104, 1, 1, 3, 286, 0)
    (1105, 1, 1, 3, 287, 0)
    (1106, 1, 1, 3, 288, 0)
    (1107, 1, 1, 3, 289, 0)
    (1108, 1, 1, 3, 290, 0)
    (1109, 1, 1, 3, 291, 0)
    (1110, 1, 1, 3, 292, 0)
    (1111, 1, 1, 3, 293, 0)
    (1112, 1, 1, 3, 294, 0)
    (1113, 1, 1, 3, 295, 0)
    (1114, 1, 1, 3, 296, 0)
    (1115, 1, 1, 3, 297, 0)
    (1116, 1, 1, 3, 298, 0)
    (1117, 1, 1, 3, 299, 0)
    (1118, 1, 1, 3, 300, 0)

a1=9251 ([11, 29]): 0.0s, terms=791, |M|_final=1, |Pess|_final=1, maxgap=11, fallbacks=0, stabilized=YES
  samples (n, |M|, |Pess|, maxgap, stable, fb):
    (100, 53, 53, 11, 0, 0)
    (200, 59, 60, 11, 2, 0)
    (300, 84, 80, 11, 2, 0)
    (400, 109, 100, 11, 0, 0)
    (500, 1, 1, 11, 10, 0)
    (600, 1, 1, 11, 110, 0)
    (690, 1, 1, 11, 200, 0)
    (691, 1, 1, 11, 201, 0)
    (692, 1, 1, 11, 202, 0)
    (693, 1, 1, 11, 203, 0)
    (694, 1, 1, 11, 204, 0)
    (695, 1, 1, 11, 205, 0)
    (696, 1, 1, 11, 206, 0)
    (697, 1, 1, 11, 207, 0)
    (698, 1, 1, 11, 208, 0)
    (699, 1, 1, 11, 209, 0)
    (700, 1, 1, 11, 210, 0)
    (701, 1, 1, 11, 211, 0)
    (702, 1, 1, 11, 212, 0)
    (703, 1, 1, 11, 213, 0)
    (704, 1, 1, 11, 214, 0)
    (705, 1, 1, 11, 215, 0)
    (706, 1, 1, 11, 216, 0)
    (707, 1, 1, 11, 217, 0)
    (708, 1, 1, 11, 218, 0)
    (709, 1, 1, 11, 219, 0)
    (710, 1, 1, 11, 220, 0)
    (711, 1, 1, 11, 221, 0)
    (712, 1, 1, 11, 222, 0)
    (713, 1, 1, 11, 223, 0)
    (714, 1, 1, 11, 224, 0)
    (715, 1, 1, 11, 225, 0)
    (716, 1, 1, 11, 226, 0)
    (717, 1, 1, 11, 227, 0)
    (718, 1, 1, 11, 228, 0)
    (719, 1, 1, 11, 229, 0)
    (720, 1, 1, 11, 230, 0)
    (721, 1, 1, 11, 231, 0)
    (722, 1, 1, 11, 232, 0)
    (723, 1, 1, 11, 233, 0)
    (724, 1, 1, 11, 234, 0)
    (725, 1, 1, 11, 235, 0)
    (726, 1, 1, 11, 236, 0)
    (727, 1, 1, 11, 237, 0)
    (728, 1, 1, 11, 238, 0)
    (729, 1, 1, 11, 239, 0)
    (730, 1, 1, 11, 240, 0)
    (731, 1, 1, 11, 241, 0)
    (732, 1, 1, 11, 242, 0)
    (733, 1, 1, 11, 243, 0)
    (734, 1, 1, 11, 244, 0)
    (735, 1, 1, 11, 245, 0)
    (736, 1, 1, 11, 246, 0)
    (737, 1, 1, 11, 247, 0)
    (738, 1, 1, 11, 248, 0)
    (739, 1, 1, 11, 249, 0)
    (740, 1, 1, 11, 250, 0)
    (741, 1, 1, 11, 251, 0)
    (742, 1, 1, 11, 252, 0)
    (743, 1, 1, 11, 253, 0)
    (744, 1, 1, 11, 254, 0)
    (745, 1, 1, 11, 255, 0)
    (746, 1, 1, 11, 256, 0)
    (747, 1, 1, 11, 257, 0)
    (748, 1, 1, 11, 258, 0)
    (749, 1, 1, 11, 259, 0)
    (750, 1, 1, 11, 260, 0)
    (751, 1, 1, 11, 261, 0)
    (752, 1, 1, 11, 262, 0)
    (753, 1, 1, 11, 263, 0)
    (754, 1, 1, 11, 264, 0)
    (755, 1, 1, 11, 265, 0)
    (756, 1, 1, 11, 266, 0)
    (757, 1, 1, 11, 267, 0)
    (758, 1, 1, 11, 268, 0)
    (759, 1, 1, 11, 269, 0)
    (760, 1, 1, 11, 270, 0)
    (761, 1, 1, 11, 271, 0)
    (762, 1, 1, 11, 272, 0)
    (763, 1, 1, 11, 273, 0)
    (764, 1, 1, 11, 274, 0)
    (765, 1, 1, 11, 275, 0)
    (766, 1, 1, 11, 276, 0)
    (767, 1, 1, 11, 277, 0)
    (768, 1, 1, 11, 278, 0)
    (769, 1, 1, 11, 279, 0)
    (770, 1, 1, 11, 280, 0)
    (771, 1, 1, 11, 281, 0)
    (772, 1, 1, 11, 282, 0)
    (773, 1, 1, 11, 283, 0)
    (774, 1, 1, 11, 284, 0)
    (775, 1, 1, 11, 285, 0)
    (776, 1, 1, 11, 286, 0)
    (777, 1, 1, 11, 287, 0)
    (778, 1, 1, 11, 288, 0)
    (779, 1, 1, 11, 289, 0)
    (780, 1, 1, 11, 290, 0)
    (781, 1, 1, 11, 291, 0)
    (782, 1, 1, 11, 292, 0)
    (783, 1, 1, 11, 293, 0)
    (784, 1, 1, 11, 294, 0)
    (785, 1, 1, 11, 295, 0)
    (786, 1, 1, 11, 296, 0)
    (787, 1, 1, 11, 297, 0)
    (788, 1, 1, 11, 298, 0)
    (789, 1, 1, 11, 299, 0)
    (790, 1, 1, 11, 300, 0)

a1=15341 ([23, 29]): 0.0s, terms=752, |M|_final=3, |Pess|_final=3, maxgap=46, fallbacks=0, stabilized=YES
  samples (n, |M|, |Pess|, maxgap, stable, fb):
    (100, 25, 27, 46, 2, 0)
    (200, 40, 41, 46, 0, 0)
    (300, 55, 56, 46, 1, 0)
    (400, 69, 70, 46, 6, 0)
    (500, 3, 3, 46, 49, 0)
    (600, 3, 3, 46, 149, 0)
    (651, 3, 3, 46, 200, 0)
    (652, 3, 3, 46, 201, 0)
    (653, 3, 3, 46, 202, 0)
    (654, 3, 3, 46, 203, 0)
    (655, 3, 3, 46, 204, 0)
    (656, 3, 3, 46, 205, 0)
    (657, 3, 3, 46, 206, 0)
    (658, 3, 3, 46, 207, 0)
    (659, 3, 3, 46, 208, 0)
    (660, 3, 3, 46, 209, 0)
    (661, 3, 3, 46, 210, 0)
    (662, 3, 3, 46, 211, 0)
    (663, 3, 3, 46, 212, 0)
    (664, 3, 3, 46, 213, 0)
    (665, 3, 3, 46, 214, 0)
    (666, 3, 3, 46, 215, 0)
    (667, 3, 3, 46, 216, 0)
    (668, 3, 3, 46, 217, 0)
    (669, 3, 3, 46, 218, 0)
    (670, 3, 3, 46, 219, 0)
    (671, 3, 3, 46, 220, 0)
    (672, 3, 3, 46, 221, 0)
    (673, 3, 3, 46, 222, 0)
    (674, 3, 3, 46, 223, 0)
    (675, 3, 3, 46, 224, 0)
    (676, 3, 3, 46, 225, 0)
    (677, 3, 3, 46, 226, 0)
    (678, 3, 3, 46, 227, 0)
    (679, 3, 3, 46, 228, 0)
    (680, 3, 3, 46, 229, 0)
    (681, 3, 3, 46, 230, 0)
    (682, 3, 3, 46, 231, 0)
    (683, 3, 3, 46, 232, 0)
    (684, 3, 3, 46, 233, 0)
    (685, 3, 3, 46, 234, 0)
    (686, 3, 3, 46, 235, 0)
    (687, 3, 3, 46, 236, 0)
    (688, 3, 3, 46, 237, 0)
    (689, 3, 3, 46, 238, 0)
    (690, 3, 3, 46, 239, 0)
    (691, 3, 3, 46, 240, 0)
    (692, 3, 3, 46, 241, 0)
    (693, 3, 3, 46, 242, 0)
    (694, 3, 3, 46, 243, 0)
    (695, 3, 3, 46, 244, 0)
    (696, 3, 3, 46, 245, 0)
    (697, 3, 3, 46, 246, 0)
    (698, 3, 3, 46, 247, 0)
    (699, 3, 3, 46, 248, 0)
    (700, 3, 3, 46, 249, 0)
    (701, 3, 3, 46, 250, 0)
    (702, 3, 3, 46, 251, 0)
    (703, 3, 3, 46, 252, 0)
    (704, 3, 3, 46, 253, 0)
    (705, 3, 3, 46, 254, 0)
    (706, 3, 3, 46, 255, 0)
    (707, 3, 3, 46, 256, 0)
    (708, 3, 3, 46, 257, 0)
    (709, 3, 3, 46, 258, 0)
    (710, 3, 3, 46, 259, 0)
    (711, 3, 3, 46, 260, 0)
    (712, 3, 3, 46, 261, 0)
    (713, 3, 3, 46, 262, 0)
    (714, 3, 3, 46, 263, 0)
    (715, 3, 3, 46, 264, 0)
    (716, 3, 3, 46, 265, 0)
    (717, 3, 3, 46, 266, 0)
    (718, 3, 3, 46, 267, 0)
    (719, 3, 3, 46, 268, 0)
    (720, 3, 3, 46, 269, 0)
    (721, 3, 3, 46, 270, 0)
    (722, 3, 3, 46, 271, 0)
    (723, 3, 3, 46, 272, 0)
    (724, 3, 3, 46, 273, 0)
    (725, 3, 3, 46, 274, 0)
    (726, 3, 3, 46, 275, 0)
    (727, 3, 3, 46, 276, 0)
    (728, 3, 3, 46, 277, 0)
    (729, 3, 3, 46, 278, 0)
    (730, 3, 3, 46, 279, 0)
    (731, 3, 3, 46, 280, 0)
    (732, 3, 3, 46, 281, 0)
    (733, 3, 3, 46, 282, 0)
    (734, 3, 3, 46, 283, 0)
    (735, 3, 3, 46, 284, 0)
    (736, 3, 3, 46, 285, 0)
    (737, 3, 3, 46, 286, 0)
    (738, 3, 3, 46, 287, 0)
    (739, 3, 3, 46, 288, 0)
    (740, 3, 3, 46, 289, 0)
    (741, 3, 3, 46, 290, 0)
    (742, 3, 3, 46, 291, 0)
    (743, 3, 3, 46, 292, 0)
    (744, 3, 3, 46, 293, 0)
    (745, 3, 3, 46, 294, 0)
    (746, 3, 3, 46, 295, 0)
    (747, 3, 3, 46, 296, 0)
    (748, 3, 3, 46, 297, 0)
    (749, 3, 3, 46, 298, 0)
    (750, 3, 3, 46, 299, 0)
    (751, 3, 3, 46, 300, 0)

a1=26071 ([29, 31]): 0.1s, terms=2000, |M|_final=5, |Pess|_final=5, maxgap=62, fallbacks=0, stabilized=YES
  samples (n, |M|, |Pess|, maxgap, stable, fb):
    (100, 65, 55, 62, 1, 0)
    (200, 49, 46, 62, 2, 0)
    (300, 63, 57, 62, 0, 0)
    (400, 81, 74, 62, 0, 0)
    (500, 96, 85, 62, 6, 0)
    (600, 111, 93, 62, 1, 0)
    (700, 126, 101, 62, 3, 0)
    (800, 145, 111, 62, 4, 0)
    (900, 160, 119, 62, 11, 0)
    (1000, 175, 126, 62, 0, 0)
    (1100, 70, 71, 62, 9, 0)
    (1200, 74, 75, 62, 38, 0)
    (1300, 79, 80, 62, 14, 0)
    (1400, 85, 86, 62, 21, 0)
    (1500, 90, 91, 62, 28, 0)
    (1600, 96, 97, 62, 12, 0)
    (1700, 100, 101, 62, 17, 0)
    (1800, 5, 5, 62, 24, 0)
    (1900, 5, 5, 62, 124, 0)
    (1976, 5, 5, 62, 200, 0)
    (1977, 5, 5, 62, 201, 0)
    (1978, 5, 5, 62, 202, 0)
    (1979, 5, 5, 62, 203, 0)
    (1980, 5, 5, 62, 204, 0)
    (1981, 5, 5, 62, 205, 0)
    (1982, 5, 5, 62, 206, 0)
    (1983, 5, 5, 62, 207, 0)
    (1984, 5, 5, 62, 208, 0)
    (1985, 5, 5, 62, 209, 0)
    (1986, 5, 5, 62, 210, 0)
    (1987, 5, 5, 62, 211, 0)
    (1988, 5, 5, 62, 212, 0)
    (1989, 5, 5, 62, 213, 0)
    (1990, 5, 5, 62, 214, 0)
    (1991, 5, 5, 62, 215, 0)
    (1992, 5, 5, 62, 216, 0)
    (1993, 5, 5, 62, 217, 0)
    (1994, 5, 5, 62, 218, 0)
    (1995, 5, 5, 62, 219, 0)
    (1996, 5, 5, 62, 220, 0)
    (1997, 5, 5, 62, 221, 0)
    (1998, 5, 5, 62, 222, 0)
    (1999, 5, 5, 62, 223, 0)

a1=27869 ([29, 31]): 0.1s, terms=1972, |M|_final=5, |Pess|_final=5, maxgap=58, fallbacks=0, stabilized=YES
  samples (n, |M|, |Pess|, maxgap, stable, fb):
    (100, 28, 28, 58, 1, 0)
    (200, 46, 43, 58, 11, 0)
    (300, 65, 59, 58, 0, 0)
    (400, 81, 74, 58, 2, 0)
    (500, 96, 87, 58, 11, 0)
    (600, 110, 98, 58, 1, 0)
    (700, 130, 108, 58, 1, 0)
    (800, 145, 116, 58, 9, 0)
    (900, 159, 122, 58, 16, 0)
    (1000, 65, 66, 58, 8, 0)
    (1100, 69, 70, 58, 39, 0)
    (1200, 74, 75, 58, 14, 0)
    (1300, 80, 81, 58, 21, 0)
    (1400, 85, 86, 58, 29, 0)
    (1500, 91, 92, 58, 14, 0)
    (1600, 95, 96, 58, 22, 0)
    (1700, 5, 5, 58, 29, 0)
    (1800, 5, 5, 58, 129, 0)
    (1871, 5, 5, 58, 200, 0)
    (1872, 5, 5, 58, 201, 0)
    (1873, 5, 5, 58, 202, 0)
    (1874, 5, 5, 58, 203, 0)
    (1875, 5, 5, 58, 204, 0)
    (1876, 5, 5, 58, 205, 0)
    (1877, 5, 5, 58, 206, 0)
    (1878, 5, 5, 58, 207, 0)
    (1879, 5, 5, 58, 208, 0)
    (1880, 5, 5, 58, 209, 0)
    (1881, 5, 5, 58, 210, 0)
    (1882, 5, 5, 58, 211, 0)
    (1883, 5, 5, 58, 212, 0)
    (1884, 5, 5, 58, 213, 0)
    (1885, 5, 5, 58, 214, 0)
    (1886, 5, 5, 58, 215, 0)
    (1887, 5, 5, 58, 216, 0)
    (1888, 5, 5, 58, 217, 0)
    (1889, 5, 5, 58, 218, 0)
    (1890, 5, 5, 58, 219, 0)
    (1891, 5, 5, 58, 220, 0)
    (1892, 5, 5, 58, 221, 0)
    (1893, 5, 5, 58, 222, 0)
    (1894, 5, 5, 58, 223, 0)
    (1895, 5, 5, 58, 224, 0)
    (1896, 5, 5, 58, 225, 0)
    (1897, 5, 5, 58, 226, 0)
    (1898, 5, 5, 58, 227, 0)
    (1899, 5, 5, 58, 228, 0)
    (1900, 5, 5, 58, 229, 0)
    (1901, 5, 5, 58, 230, 0)
    (1902, 5, 5, 58, 231, 0)
    (1903, 5, 5, 58, 232, 0)
    (1904, 5, 5, 58, 233, 0)
    (1905, 5, 5, 58, 234, 0)
    (1906, 5, 5, 58, 235, 0)
    (1907, 5, 5, 58, 236, 0)
    (1908, 5, 5, 58, 237, 0)
    (1909, 5, 5, 58, 238, 0)
    (1910, 5, 5, 58, 239, 0)
    (1911, 5, 5, 58, 240, 0)
    (1912, 5, 5, 58, 241, 0)
    (1913, 5, 5, 58, 242, 0)
    (1914, 5, 5, 58, 243, 0)
    (1915, 5, 5, 58, 244, 0)
    (1916, 5, 5, 58, 245, 0)
    (1917, 5, 5, 58, 246, 0)
    (1918, 5, 5, 58, 247, 0)
    (1919, 5, 5, 58, 248, 0)
    (1920, 5, 5, 58, 249, 0)
    (1921, 5, 5, 58, 250, 0)
    (1922, 5, 5, 58, 251, 0)
    (1923, 5, 5, 58, 252, 0)
    (1924, 5, 5, 58, 253, 0)
    (1925, 5, 5, 58, 254, 0)
    (1926, 5, 5, 58, 255, 0)
    (1927, 5, 5, 58, 256, 0)
    (1928, 5, 5, 58, 257, 0)
    (1929, 5, 5, 58, 258, 0)
    (1930, 5, 5, 58, 259, 0)
    (1931, 5, 5, 58, 260, 0)
    (1932, 5, 5, 58, 261, 0)
    (1933, 5, 5, 58, 262, 0)
    (1934, 5, 5, 58, 263, 0)
    (1935, 5, 5, 58, 264, 0)
    (1936, 5, 5, 58, 265, 0)
    (1937, 5, 5, 58, 266, 0)
    (1938, 5, 5, 58, 267, 0)
    (1939, 5, 5, 58, 268, 0)
    (1940, 5, 5, 58, 269, 0)
    (1941, 5, 5, 58, 270, 0)
    (1942, 5, 5, 58, 271, 0)
    (1943, 5, 5, 58, 272, 0)
    (1944, 5, 5, 58, 273, 0)
    (1945, 5, 5, 58, 274, 0)
    (1946, 5, 5, 58, 275, 0)
    (1947, 5, 5, 58, 276, 0)
    (1948, 5, 5, 58, 277, 0)
    (1949, 5, 5, 58, 278, 0)
    (1950, 5, 5, 58, 279, 0)
    (1951, 5, 5, 58, 280, 0)
    (1952, 5, 5, 58, 281, 0)
    (1953, 5, 5, 58, 282, 0)
    (1954, 5, 5, 58, 283, 0)
    (1955, 5, 5, 58, 284, 0)
    (1956, 5, 5, 58, 285, 0)
    (1957, 5, 5, 58, 286, 0)
    (1958, 5, 5, 58, 287, 0)
    (1959, 5, 5, 58, 288, 0)
    (1960, 5, 5, 58, 289, 0)
    (1961, 5, 5, 58, 290, 0)
    (1962, 5, 5, 58, 291, 0)
    (1963, 5, 5, 58, 292, 0)
    (1964, 5, 5, 58, 293, 0)
    (1965, 5, 5, 58, 294, 0)
    (1966, 5, 5, 58, 295, 0)
    (1967, 5, 5, 58, 296, 0)
    (1968, 5, 5, 58, 297, 0)
    (1969, 5, 5, 58, 298, 0)
    (1970, 5, 5, 58, 299, 0)
    (1971, 5, 5, 58, 300, 0)
